pushplus_token: 123456abc ## pushplus推送token
refresh_token: 123456abc ## 阿里云网盘刷新token
bilibili_cookie: 123456abc ## B站cookie
jd_cookie: __jdu=1847721693; cud=1019dd998ae0f244caac3d565356aa30; shshshfpa=f6ecfbfd-b7dd-9f3a-0f75-12d1bbe9a91c-1685879737; shshshfpx=f6ecfbfd-b7dd-9f3a-0f75-12d1bbe9a91c-1685879737; __jdv=76161171|www.bing.com|-|referral|-|1702984967239; cvt=6; 3AB9D23F7A4B3CSS=jdd035FCDLDGXF5AQNZT44YBRJKXTJ5UYCG7ZJCWYFXJKAJTN2TTZ2MICZHCRSY234DWVAS3J5KYD6RMZBIKK6UHFHSXS4AAAAAMMQHIGTCYAAAAACLHT3QT2U6EFXYX; _gia_d=1; areaId=15; ipLoc-djd=15-1262-0-0; PCSYCityID=CN_330000_330400_0; shshshsID=968bb332a79665ddb6102e33dfcfc847_1_1702984969605; shshshfpb=AAhhw0IGMEuz7_bfdnzoPdRLRu-mpHBaFh5c3QAAAAAA; __jda=95931165.1847721693.1685156595.1693287078.1702984967.8; __jdb=95931165.2.1847721693|8.1702984967; __jdc=95931165; csn=2; 3AB9D23F7A4B3C9B=5FCDLDGXF5AQNZT44YBRJKXTJ5UYCG7ZJCWYFXJKAJTN2TTZ2MICZHCRSY234DWVAS3J5KYD6RMZBIKK6UHFHSXS4A; wlfstk_smdl=hwgcgjjrszoc8o1jarmezns2r5uusfca ##京东cookie
